id;generation;life;strength;speed;cDamage
2236;0;1;1;999;1
2272;1;10;10;990;10
1695;2;17;19;983;19
3921;3;25;28;975;28
1018;4;30;37;970;37
1542;5;37;46;963;46
940;6;46;55;954;55
2064;7;55;64;945;64
2981;8;64;73;936;73
2537;9;73;82;927;82
3647;10;81;91;919;91
1201;11;90;100;910;100
632;12;97;109;903;109
630;13;106;118;894;118
136;14;115;127;885;127
875;15;124;136;876;136
800;16;133;145;867;145
44;17;142;154;858;154
4038;18;151;163;849;163
3458;19;159;172;841;171
28;20;168;181;832;179
3162;21;177;190;823;188
1966;22;186;199;814;197
2187;23;195;208;805;206
2822;24;204;217;796;214
2944;25;213;226;787;223
2979;26;220;235;780;231
3559;27;228;244;772;240
3867;28;237;253;763;249
3181;29;245;262;755;258
1286;30;252;271;748;267
2850;31;260;280;740;276
3257;32;269;289;731;284
1369;33;277;298;723;293
2277;34;286;307;714;302
2275;35;295;316;705;311
2181;36;304;325;696;318
1869;37;313;334;687;327
1285;38;322;343;678;336
2012;39;330;352;670;345
38;40;339;361;661;353
940;41;348;370;652;361
879;42;357;379;643;369
2124;43;366;388;634;376
2268;44;375;397;625;385
1271;45;384;406;616;394
4033;46;393;415;607;401
2344;47;402;424;598;408
1927;48;411;433;589;416
3527;49;420;442;580;425
3987;50;429;451;571;434
3329;51;438;460;562;443
2276;52;447;469;553;452
3629;53;456;478;544;461
4028;54;465;487;535;470
2914;55;474;496;526;477
1888;56;483;505;517;486
1;57;492;514;508;494
2357;58;498;523;502;502
1045;59;491;532;509;510
1146;60;484;541;516;516
1672;61;478;550;522;525
1540;62;470;559;530;534
262;63;461;568;539;541
1411;64;453;577;547;550
426;65;445;586;555;559
1667;66;438;595;562;568
37;67;440;605;560;576
1193;68;431;614;569;581
2730;69;423;623;577;590
2151;70;414;632;586;599
1748;71;406;641;594;604
43;72;400;650;600;609
3786;73;392;659;608;616
3311;74;388;668;612;625
948;75;379;677;621;634
3078;76;370;686;630;642
782;77;362;695;638;650
1270;78;355;704;645;657
1001;79;349;713;651;662
3192;80;342;722;658;670
1378;81;336;731;664;679
1452;82;331;740;669;687
1960;83;324;749;676;693
3138;84;317;758;683;700
17;85;312;767;688;709
1197;86;304;776;696;715
1316;87;297;785;703;723
36;88;289;794;711;731
1558;89;284;803;716;736
1737;90;278;812;722;745
2447;91;271;821;729;754
570;92;264;830;736;762
3124;93;258;839;742;769
2222;94;251;848;749;776
3973;95;247;857;753;785
3181;96;239;866;761;790
569;97;235;875;765;799
1162;98;228;884;772;806
1375;99;222;893;778;813
721;100;217;902;783;822
3392;101;209;911;791;829
466;102;203;920;797;835
1186;103;199;929;801;842
1188;104;193;938;807;851
1103;105;186;947;814;859
1351;106;179;956;821;868
3064;107;174;965;826;872
3061;108;170;974;830;876
3614;109;179;983;821;883
846;110;170;992;830;884
301;111;162;1000;838;892
2051;112;171;1000;829;898
1778;113;180;1000;820;906
2802;114;171;1000;829;915
3550;115;162;1000;838;924
187;116;153;1000;847;933
2100;117;144;1000;856;942
3299;118;153;1000;847;934
1308;119;144;1000;856;943
356;120;135;1000;865;952
3710;121;126;1000;874;961
3443;122;135;1000;865;969
3553;123;126;1000;874;978
205;124;135;1000;865;969
317;125;126;1000;874;978
366;126;134;1000;866;984
1472;127;125;1000;875;993
849;128;116;1000;884;1000
418;129;123;1000;877;991
2270;130;114;1000;886;1000
1139;131;123;1000;877;1000
533;132;114;1000;886;1000
2078;133;120;1000;880;1000
557;134;111;1000;889;1000
1878;135;120;1000;880;992
538;136;111;1000;889;1000
455;137;120;1000;880;1000
815;138;111;1000;889;1000
1145;139;119;993;881;994
2957;140;110;1000;890;1000
2795;141;101;1000;899;1000
1709;142;109;1000;891;1000
3084;143;115;1000;885;994
2359;144;106;1000;894;1000
1340;145;113;1000;887;993
2411;146;104;1000;896;1000
1906;147;113;1000;887;998
434;148;121;1000;879;992
3036;149;112;1000;888;1000
3123;150;121;1000;879;1000
2685;151;112;1000;888;1000
2783;152;121;1000;879;1000
2845;153;112;1000;888;1000
2532;154;120;1000;880;998
2095;155;129;1000;871;1000
1647;156;120;1000;880;1000
1703;157;111;1000;889;1000
2681;158;120;1000;880;1000
2953;159;129;1000;871;1000
2971;160;120;1000;880;1000
3825;161;111;1000;889;1000
3717;162;120;1000;880;1000
1960;163;111;1000;889;1000
2183;164;120;1000;880;1000
419;165;111;1000;889;1000
1836;166;120;1000;880;1000
735;167;129;996;871;1000
433;168;120;1000;880;1000
1072;169;129;1000;871;998
2334;170;120;1000;880;1000
2758;171;111;1000;889;1000
2678;172;102;1000;898;1000
1150;173;111;1000;889;1000
42;174;119;1000;881;1000
515;175;110;1000;890;1000
3290;176;101;1000;899;1000
2519;177;109;1000;891;1000
2538;178;117;1000;883;1000
2570;179;126;1000;874;997
867;180;117;1000;883;1000
2929;181;108;1000;892;1000
2009;182;117;1000;883;1000
3524;183;125;1000;875;1000
784;184;116;1000;884;1000
3212;185;107;1000;893;1000
223;186;113;1000;887;1000
2965;187;122;1000;878;993
1804;188;113;1000;887;1000
3520;189;122;1000;878;1000
955;190;113;1000;887;1000
3713;191;120;1000;880;1000
3237;192;111;1000;889;1000
224;193;120;1000;880;1000
2646;194;111;1000;889;1000
117;195;120;1000;880;1000
2219;196;129;1000;871;1000
1657;197;120;1000;880;1000
1997;198;111;1000;889;1000
1565;199;120;1000;880;1000
3327;200;111;1000;889;1000
172;201;120;1000;880;997
2404;202;111;1000;889;1000
3620;203;120;1000;880;994
3677;204;129;1000;871;1000
3169;205;120;1000;880;1000
2952;206;129;1000;871;1000
2969;207;120;1000;880;1000
883;208;111;1000;889;1000
3062;209;117;1000;883;1000
2813;210;108;1000;892;1000
2497;211;116;1000;884;1000
953;212;125;1000;875;1000
3887;213;116;1000;884;1000
1159;214;125;1000;875;996
352;215;116;1000;884;1000
2120;216;125;1000;875;1000
3484;217;116;1000;884;1000
4017;218;124;1000;876;1000
209;219;115;1000;885;1000
50;220;106;1000;894;1000
2709;221;115;1000;885;1000
2660;222;124;1000;876;1000
564;223;115;1000;885;1000
3903;224;124;1000;876;1000
1606;225;115;1000;885;1000
2651;226;106;1000;894;1000
1686;227;115;1000;885;1000
1564;228;106;1000;894;1000
1952;229;112;1000;888;1000
991;230;119;1000;881;1000
2454;231;128;999;872;1000
393;232;119;1000;881;1000
2092;233;127;1000;873;1000
1179;234;118;1000;882;1000
3696;235;109;1000;891;1000
3750;236;117;1000;883;1000
2945;237;108;1000;892;1000
2738;238;115;1000;885;1000
3671;239;124;1000;876;1000
1365;240;115;1000;885;1000
389;241;124;1000;876;994
983;242;115;1000;885;1000
2712;243;124;1000;876;999
2775;244;115;1000;885;1000
3511;245;124;1000;876;1000
1279;246;133;1000;867;1000
4044;247;124;1000;876;1000
2195;248;115;1000;885;1000
1771;249;124;1000;876;1000
1184;250;133;1000;867;997
2514;251;124;1000;876;1000
2897;252;115;1000;885;1000
2199;253;122;1000;878;1000
3969;254;113;1000;887;1000
460;255;104;1000;896;1000
2736;256;113;1000;887;1000
171;257;104;1000;896;1000
1889;258;113;1000;887;1000
2600;259;120;1000;880;996
880;260;129;1000;871;999
603;261;120;1000;880;1000
1765;262;111;1000;889;1000
74;263;119;1000;881;1000
3033;264;128;997;872;1000
1279;265;119;1000;881;1000
1094;266;110;1000;890;1000
108;267;118;1000;882;996
275;268;109;1000;891;1000
1391;269;118;1000;882;992
3711;270;109;1000;891;1000
305;271;117;1000;883;1000
2073;272;125;1000;875;1000
2443;273;116;1000;884;1000
1126;274;124;1000;876;1000
1870;275;115;1000;885;1000
323;276;106;1000;894;1000
771;277;113;1000;887;997
1908;278;122;995;878;994
17;279;113;1000;887;1000
2099;280;121;1000;879;1000
3699;281;112;1000;888;1000
2938;282;121;1000;879;997
257;283;112;1000;888;1000
3395;284;121;1000;879;1000
2289;285;112;1000;888;1000
1986;286;121;1000;879;1000
2158;287;112;1000;888;1000
2531;288;121;1000;879;992
868;289;112;1000;888;1000
3975;290;121;1000;879;998
257;291;112;1000;888;1000
2979;292;121;1000;879;995
652;293;112;1000;888;1000
2485;294;120;1000;880;1000
1267;295;111;1000;889;1000
1159;296;120;997;880;998
3774;297;111;1000;889;1000
3839;298;120;1000;880;1000
2188;299;111;1000;889;1000
3429;300;120;1000;880;994
784;301;129;1000;871;997
3703;302;120;1000;880;1000
767;303;111;1000;889;1000
293;304;120;1000;880;999
234;305;111;1000;889;1000
2433;306;120;1000;880;1000
3379;307;111;1000;889;1000
3206;308;102;1000;898;1000
3073;309;111;1000;889;1000
1936;310;116;1000;884;1000
3199;311;125;1000;875;1000
817;312;116;1000;884;1000
285;313;124;1000;876;1000
2109;314;115;1000;885;1000
3779;315;124;996;876;1000
937;316;115;1000;885;1000
962;317;124;999;876;1000
11;318;115;1000;885;1000
543;319;124;1000;876;1000
4068;320;115;1000;885;1000
1029;321;124;1000;876;997
2410;322;115;1000;885;1000
1905;323;124;1000;876;1000
3173;324;115;1000;885;1000
395;325;123;1000;877;995
2989;326;114;1000;886;1000
1628;327;105;1000;895;1000
2560;328;111;1000;889;1000
1376;329;120;999;880;1000
2673;330;111;1000;889;1000
912;331;119;1000;881;993
3617;332;128;1000;872;992
2901;333;119;1000;881;1000
1288;334;110;1000;890;1000
3403;335;119;1000;881;1000
2593;336;110;1000;890;1000
1381;337;117;1000;883;1000
918;338;126;1000;874;1000
3056;339;117;1000;883;1000
1608;340;126;1000;874;1000
2826;341;117;1000;883;1000
3044;342;108;1000;892;1000
2314;343;115;1000;885;1000
1358;344;123;1000;877;1000
2653;345;114;1000;886;1000
3320;346;105;1000;895;1000
3714;347;112;1000;888;1000
3297;348;118;1000;882;1000
3220;349;109;1000;891;1000
3815;350;117;1000;883;996
3406;351;126;1000;874;1000
1671;352;117;1000;883;1000
1778;353;108;1000;892;1000
2877;354;114;1000;886;1000
2423;355;121;1000;879;1000
3135;356;112;1000;888;1000
264;357;121;1000;879;996
1767;358;130;1000;870;995
1504;359;121;1000;879;1000
3852;360;112;1000;888;1000
2682;361;121;1000;879;1000
744;362;112;1000;888;1000
1878;363;120;1000;880;1000
2690;364;111;1000;889;1000
206;365;119;1000;881;1000
3496;366;110;1000;890;1000
204;367;118;1000;882;1000
1651;368;109;1000;891;1000
3026;369;116;1000;884;1000
2574;370;125;1000;875;1000
397;371;116;1000;884;1000
3198;372;125;1000;875;1000
849;373;116;1000;884;1000
1911;374;107;1000;893;1000
676;375;115;1000;885;1000
3612;376;124;1000;876;1000
3867;377;115;1000;885;1000
4011;378;106;1000;894;1000
2795;379;113;1000;887;1000
1571;380;121;1000;879;996
2433;381;112;1000;888;1000
1017;382;121;1000;879;1000
1243;383;112;1000;888;1000
2968;384;121;1000;879;1000
3315;385;112;1000;888;1000
2864;386;121;1000;879;992
2549;387;112;1000;888;1000
1136;388;121;1000;879;997
2612;389;112;1000;888;1000
1250;390;121;1000;879;998
2595;391;112;1000;888;1000
972;392;121;1000;879;999
177;393;112;1000;888;1000
1266;394;120;1000;880;1000
2441;395;111;1000;889;1000
3782;396;102;1000;898;1000
1128;397;108;1000;892;1000
2610;398;117;1000;883;1000
164;399;125;1000;875;1000
3376;400;116;1000;884;1000
3193;401;125;1000;875;1000
2228;402;116;1000;884;1000
1710;403;124;1000;876;997
1913;404;115;1000;885;1000
988;405;123;994;877;999
2540;406;114;1000;886;1000
534;407;123;992;877;1000
3172;408;114;1000;886;1000
854;409;122;1000;878;1000
1414;410;113;1000;887;1000
224;411;122;994;878;991
373;412;113;1000;887;1000
1907;413;120;1000;880;1000
962;414;111;1000;889;1000
918;415;120;1000;880;1000
3232;416;111;1000;889;1000
2186;417;119;1000;881;992
1510;418;128;1000;872;983
3994;419;119;1000;881;992
4091;420;128;1000;872;998
3519;421;119;1000;881;1000
459;422;110;1000;890;1000
2607;423;119;1000;881;991
1019;424;127;1000;873;994
1861;425;118;1000;882;1000
3354;426;109;1000;891;1000
960;427;117;1000;883;1000
1945;428;108;1000;892;1000
1349;429;117;1000;883;1000
1548;430;124;1000;876;997
3891;431;115;1000;885;1000
2656;432;124;1000;876;1000
3059;433;115;1000;885;1000
2325;434;124;1000;876;1000
10;435;115;1000;885;1000
1752;436;124;1000;876;994
2550;437;115;1000;885;1000
3724;438;124;1000;876;1000
1880;439;115;1000;885;1000
1008;440;124;1000;876;1000
2197;441;115;1000;885;1000
1738;442;124;1000;876;997
3824;443;115;1000;885;1000
914;444;124;1000;876;1000
95;445;115;1000;885;1000
759;446;106;1000;894;1000
2615;447;115;1000;885;1000
2417;448;121;1000;879;992
3333;449;130;1000;870;993
3248;450;121;1000;879;1000
2617;451;112;1000;888;1000
3021;452;121;1000;879;1000
2768;453;112;1000;888;1000
1757;454;120;1000;880;995
1250;455;129;1000;871;1000
3257;456;120;1000;880;1000
536;457;129;997;871;994
3072;458;120;1000;880;1000
2325;459;111;1000;889;1000
981;460;120;1000;880;1000
15;461;111;1000;889;1000
3661;462;120;1000;880;1000
2555;463;111;1000;889;1000
3861;464;120;1000;880;997
3504;465;111;1000;889;1000
613;466;120;1000;880;1000
268;467;111;1000;889;1000
1851;468;120;1000;880;1000
3472;469;129;1000;871;999
2246;470;120;1000;880;1000
304;471;111;1000;889;1000
12;472;120;997;880;996
938;473;129;1000;871;1000
1525;474;120;1000;880;1000
3393;475;129;1000;871;1000
3317;476;120;1000;880;1000
3413;477;111;1000;889;1000
130;478;120;1000;880;1000
848;479;111;1000;889;1000
3650;480;117;1000;883;1000
1171;481;108;1000;892;1000
700;482;116;1000;884;1000
2443;483;125;1000;875;1000
3337;484;116;1000;884;1000
1813;485;125;1000;875;994
847;486;116;1000;884;1000
213;487;125;1000;875;1000
1797;488;116;1000;884;1000
3256;489;124;1000;876;996
87;490;115;1000;885;1000
1345;491;106;1000;894;1000
1623;492;111;1000;889;993
3012;493;120;1000;880;998
3538;494;128;1000;872;1000
3928;495;119;1000;881;1000
3651;496;128;999;872;1000
3168;497;119;1000;881;1000
445;498;110;1000;890;1000
1823;499;119;997;881;991
3815;500;110;1000;890;1000
2659;501;117;1000;883;1000
2091;502;125;1000;875;1000
2190;503;116;1000;884;1000
480;504;124;1000;876;1000
3324;505;115;1000;885;1000
2332;506;124;993;876;1000
1119;507;115;1000;885;1000
3419;508;106;1000;894;1000
2399;509;115;1000;885;992
625;510;124;1000;876;992
1151;511;115;1000;885;1000
171;512;106;1000;894;1000
523;513;115;1000;885;1000
2386;514;106;1000;894;1000
351;515;113;1000;887;1000
760;516;121;1000;879;1000
4030;517;112;1000;888;1000
1808;518;120;1000;880;993
1061;519;129;1000;871;996
1358;520;120;1000;880;1000
182;521;111;1000;889;1000
3069;522;119;1000;881;995
1578;523;110;1000;890;1000
3652;524;119;1000;881;993
25;525;128;1000;872;993
1821;526;119;1000;881;1000
3100;527;127;1000;873;1000
2934;528;118;1000;882;1000
1515;529;109;1000;891;1000
1996;530;117;1000;883;999
585;531;108;1000;892;1000
3823;532;116;1000;884;1000
1669;533;125;1000;875;1000
1759;534;116;1000;884;1000
1852;535;125;998;875;1000
817;536;116;1000;884;1000
1573;537;125;1000;875;991
2191;538;116;1000;884;1000
2261;539;107;1000;893;1000
2613;540;115;1000;885;1000
3827;541;124;1000;876;1000
1564;542;115;1000;885;1000
87;543;124;1000;876;1000
2733;544;115;1000;885;1000
3808;545;123;1000;877;997
2846;546;114;1000;886;1000
1554;547;121;1000;879;1000
940;548;112;1000;888;1000
336;549;121;1000;879;1000
1735;550;112;1000;888;1000
845;551;119;1000;881;1000
1080;552;127;1000;873;1000
4090;553;118;1000;882;1000
2887;554;109;1000;891;1000
1802;555;118;1000;882;1000
443;556;109;1000;891;1000
1775;557;118;1000;882;1000
1324;558;127;1000;873;1000
3541;559;118;1000;882;1000
1011;560;109;1000;891;1000
3770;561;117;1000;883;1000
2843;562;108;1000;892;1000
671;563;115;1000;885;997
1925;564;122;1000;878;1000
123;565;131;1000;869;1000
362;566;122;1000;878;1000
3980;567;113;1000;887;1000
774;568;104;1000;896;1000
289;569;111;1000;889;1000
3737;570;119;1000;881;995
985;571;128;1000;872;987
723;572;119;1000;881;996
849;573;128;1000;872;993
2451;574;119;1000;881;1000
931;575;128;1000;872;994
1951;576;119;1000;881;1000
656;577;128;1000;872;1000
2177;578;119;1000;881;1000
498;579;128;1000;872;1000
1435;580;119;1000;881;1000
241;581;128;1000;872;992
3289;582;119;1000;881;1000
3029;583;110;1000;890;1000
2204;584;101;1000;899;1000
189;585;108;1000;892;1000
2695;586;115;1000;885;1000
645;587;106;1000;894;1000
313;588;112;1000;888;993
3889;589;117;1000;883;997
3408;590;126;1000;874;1000
2819;591;117;1000;883;1000
2386;592;108;1000;892;1000
3489;593;117;1000;883;1000
961;594;126;1000;874;994
3482;595;117;1000;883;1000
1822;596;108;1000;892;1000
961;597;116;1000;884;1000
1830;598;124;1000;876;996
1504;599;115;1000;885;1000
16;600;124;1000;876;1000
797;601;115;1000;885;1000
3878;602;106;1000;894;1000
1973;603;115;1000;885;1000
2905;604;106;1000;894;1000
2718;605;113;1000;887;1000
1414;606;121;1000;879;1000
1530;607;112;1000;888;1000
2228;608;121;1000;879;1000
248;609;112;1000;888;1000
1715;610;121;1000;879;1000
1955;611;112;1000;888;1000
3339;612;121;1000;879;1000
2999;613;112;1000;888;1000
2466;614;121;1000;879;1000
1166;615;112;1000;888;1000
487;616;121;1000;879;1000
3408;617;130;1000;870;1000
638;618;121;1000;879;1000
2641;619;112;1000;888;1000
1619;620;121;1000;879;1000
724;621;112;1000;888;1000
1514;622;103;1000;897;1000
1244;623;110;1000;890;999
3350;624;119;1000;881;1000
1041;625;128;997;872;1000
3811;626;119;1000;881;1000
4000;627;110;1000;890;1000
1671;628;119;993;881;1000
13;629;110;1000;890;1000
78;630;101;1000;899;1000
616;631;109;1000;891;1000
1360;632;117;1000;883;1000
814;633;108;1000;892;1000
1884;634;115;1000;885;999
1232;635;123;1000;877;1000
1350;636;114;1000;886;1000
3206;637;105;1000;895;1000
1918;638;114;1000;886;1000
2554;639;105;1000;895;1000
407;640;113;1000;887;1000
954;641;121;1000;879;1000
3632;642;112;1000;888;1000
1186;643;120;1000;880;1000
160;644;129;1000;871;1000
2332;645;120;1000;880;1000
3720;646;111;1000;889;1000
565;647;119;1000;881;1000
2423;648;110;1000;890;1000
2042;649;118;1000;882;1000
317;650;127;1000;873;998
1399;651;118;1000;882;1000
1682;652;109;1000;891;1000
3780;653;116;1000;884;992
1592;654;125;1000;875;985
638;655;116;1000;884;994
3792;656;125;992;875;996
3954;657;116;1000;884;1000
3219;658;107;1000;893;1000
1935;659;116;1000;884;1000
1472;660;125;1000;875;1000
1186;661;116;1000;884;1000
2160;662;107;1000;893;1000
702;663;116;1000;884;1000
2948;664;125;1000;875;1000
3221;665;116;1000;884;1000
2507;666;125;1000;875;1000
3535;667;116;1000;884;1000
2618;668;124;1000;876;991
2266;669;115;1000;885;1000
3712;670;124;997;876;993
2976;671;133;1000;867;993
3395;672;124;1000;876;1000
2405;673;115;1000;885;1000
2860;674;124;1000;876;1000
3915;675;115;1000;885;1000
2826;676;123;999;877;1000
3859;677;114;1000;886;1000
1115;678;121;1000;879;1000
1200;679;112;1000;888;1000
2574;680;103;1000;897;1000
2788;681;112;1000;888;1000
1415;682;120;1000;880;1000
70;683;111;1000;889;1000
2420;684;120;1000;880;1000
2122;685;111;1000;889;1000
1907;686;118;1000;882;1000
2698;687;109;1000;891;1000
1963;688;117;1000;883;1000
2816;689;125;1000;875;998
3908;690;116;1000;884;1000
3916;691;107;1000;893;1000
3874;692;114;1000;886;1000
1786;693;123;1000;877;1000
558;694;114;1000;886;1000
1856;695;123;1000;877;995
440;696;114;1000;886;1000
1526;697;105;1000;895;1000
4075;698;114;999;886;998
2636;699;105;1000;895;1000
10;700;114;1000;886;992
1435;701;123;994;877;984
3005;702;114;1000;886;992
1045;703;123;1000;877;993
2405;704;114;1000;886;1000
3585;705;122;1000;878;1000
931;706;113;1000;887;1000
3334;707;122;1000;878;1000
3369;708;113;1000;887;1000
4082;709;104;1000;896;1000
1626;710;113;1000;887;1000
3030;711;122;993;878;998
2925;712;113;1000;887;1000
4072;713;122;1000;878;1000
1311;714;113;1000;887;1000
1901;715;122;1000;878;1000
2771;716;113;1000;887;1000
2117;717;121;1000;879;1000
1714;718;112;1000;888;1000
3006;719;121;1000;879;996
3;720;112;1000;888;1000
1744;721;120;1000;880;1000
3346;722;111;1000;889;1000
2597;723;120;1000;880;997
533;724;111;1000;889;1000
470;725;120;1000;880;1000
344;726;111;1000;889;1000
3898;727;120;1000;880;1000
2744;728;111;1000;889;1000
1513;729;117;1000;883;1000
3390;730;108;1000;892;1000
929;731;117;1000;883;1000
1102;732;108;1000;892;1000
960;733;117;1000;883;1000
3521;734;108;1000;892;1000
2277;735;117;1000;883;1000
3807;736;108;1000;892;1000
1832;737;117;1000;883;993
831;738;126;1000;874;991
1292;739;117;1000;883;1000
3473;740;108;1000;892;1000
3178;741;117;994;883;1000
3709;742;108;1000;892;1000
482;743;117;1000;883;1000
448;744;108;1000;892;1000
181;745;117;1000;883;1000
1436;746;108;1000;892;1000
3808;747;117;998;883;996
1092;748;108;1000;892;1000
2967;749;115;1000;885;997
1122;750;124;999;876;993
1137;751;115;1000;885;1000
1338;752;106;1000;894;1000
2606;753;113;1000;887;1000
2526;754;122;998;878;1000
2515;755;113;1000;887;1000
681;756;122;1000;878;1000
4095;757;113;1000;887;1000
3575;758;121;1000;879;1000
1021;759;112;1000;888;1000
1826;760;120;1000;880;999
1239;761;111;1000;889;1000
658;762;119;1000;881;992
213;763;110;1000;890;1000
1712;764;118;996;882;993
2919;765;127;1000;873;985
3594;766;118;1000;882;994
1212;767;127;1000;873;988
346;768;118;1000;882;997
605;769;109;1000;891;1000
3348;770;116;1000;884;1000
161;771;107;1000;893;1000
1340;772;116;1000;884;1000
181;773;107;1000;893;1000
1665;774;114;1000;886;991
2597;775;123;1000;877;990
645;776;114;1000;886;999
364;777;121;1000;879;999
395;778;112;1000;888;1000
325;779;120;1000;880;995
2534;780;129;1000;871;991
3672;781;120;1000;880;1000
2185;782;129;1000;871;1000
2873;783;120;1000;880;1000
2866;784;111;1000;889;1000
3633;785;120;1000;880;1000
2774;786;111;1000;889;1000
2106;787;120;1000;880;996
1289;788;111;1000;889;1000
733;789;120;1000;880;995
2306;790;128;1000;872;990
3607;791;119;1000;881;999
1200;792;128;1000;872;1000
3924;793;119;1000;881;1000
201;794;110;1000;890;1000
3860;795;116;1000;884;999
2534;796;107;1000;893;1000
2019;797;115;1000;885;1000
2444;798;106;1000;894;1000
1885;799;113;1000;887;996
1594;800;121;1000;879;996
3491;801;112;1000;888;1000
3791;802;121;996;879;1000
2550;803;112;1000;888;1000
1515;804;120;1000;880;1000
3557;805;129;1000;871;1000
3048;806;120;1000;880;1000
4066;807;111;1000;889;1000
866;808;118;1000;882;1000
703;809;125;1000;875;993
1939;810;116;1000;884;1000
1810;811;125;1000;875;1000
2644;812;116;1000;884;1000
2819;813;124;1000;876;997
265;814;115;1000;885;1000
2507;815;124;1000;876;1000
2702;816;115;1000;885;1000
1368;817;106;1000;894;1000
1358;818;115;1000;885;1000
1774;819;124;1000;876;1000
2017;820;115;1000;885;1000
1285;821;106;1000;894;1000
2651;822;115;1000;885;1000
3846;823;124;1000;876;1000
3420;824;115;1000;885;1000
686;825;106;1000;894;1000
1068;826;113;1000;887;1000
3181;827;104;1000;896;1000
2825;828;112;1000;888;993
835;829;103;1000;897;1000
2527;830;112;1000;888;991
1046;831;120;1000;880;983
2423;832;129;1000;871;980
1379;833;120;1000;880;989
3803;834;129;1000;871;990
3881;835;120;1000;880;999
1224;836;111;1000;889;1000
3219;837;118;1000;882;1000
3522;838;109;1000;891;1000
1441;839;118;1000;882;1000
2648;840;109;1000;891;1000
2585;841;115;1000;885;1000
2028;842;122;1000;878;993
1784;843;113;1000;887;1000
1974;844;122;1000;878;998
3210;845;113;1000;887;1000
2105;846;121;1000;879;996
432;847;112;1000;888;1000
1605;848;103;1000;897;1000
3819;849;111;1000;889;1000
868;850;119;1000;881;1000
955;851;110;1000;890;1000
2077;852;119;1000;881;1000
415;853;110;1000;890;1000
1251;854;119;995;881;1000
982;855;110;1000;890;1000
51;856;119;1000;881;1000
727;857;128;997;872;1000
2396;858;119;1000;881;1000
822;859;128;1000;872;1000
1753;860;119;1000;881;1000
3331;861;110;1000;890;1000
378;862;119;1000;881;1000
1761;863;110;1000;890;1000
3500;864;119;1000;881;1000
3365;865;128;1000;872;997
2049;866;119;1000;881;1000
3370;867;110;1000;890;1000
3352;868;117;1000;883;1000
304;869;126;999;874;1000
898;870;117;1000;883;1000
1983;871;125;1000;875;1000
3985;872;116;1000;884;1000
2962;873;123;1000;877;1000
3431;874;114;1000;886;1000
359;875;122;1000;878;1000
1475;876;113;1000;887;1000
1072;877;121;1000;879;1000
116;878;112;1000;888;1000
1010;879;121;995;879;997
942;880;112;1000;888;1000
448;881;121;1000;879;1000
388;882;112;1000;888;1000
1934;883;121;997;879;1000
551;884;112;1000;888;1000
3639;885;121;1000;879;1000
1613;886;112;1000;888;1000
987;887;121;1000;879;1000
2357;888;112;1000;888;1000
3378;889;121;1000;879;996
1311;890;112;1000;888;1000
1677;891;121;1000;879;1000
3797;892;112;1000;888;1000
2298;893;120;1000;880;1000
2140;894;111;1000;889;1000
1743;895;120;1000;880;1000
3258;896;129;994;871;1000
3405;897;120;1000;880;1000
2561;898;129;1000;871;1000
2879;899;120;1000;880;1000
499;900;111;1000;889;1000
3069;901;119;1000;881;1000
1514;902;128;1000;872;1000
918;903;119;1000;881;1000
2734;904;110;1000;890;1000
2391;905;117;1000;883;1000
3064;906;125;1000;875;1000
1924;907;116;1000;884;1000
3607;908;125;999;875;993
1963;909;116;1000;884;1000
923;910;125;1000;875;998
2202;911;116;1000;884;1000
3255;912;125;1000;875;994
1642;913;116;1000;884;1000
1426;914;124;995;876;1000
163;915;115;1000;885;1000
3476;916;124;1000;876;1000
373;917;115;1000;885;1000
928;918;124;1000;876;1000
201;919;115;1000;885;1000
1457;920;124;1000;876;1000
2336;921;115;1000;885;1000
1255;922;106;1000;894;1000
244;923;114;1000;886;1000
880;924;122;1000;878;1000
2920;925;113;1000;887;1000
329;926;122;1000;878;994
1755;927;113;1000;887;1000
2721;928;104;1000;896;1000
1927;929;113;1000;887;992
2747;930;122;1000;878;986
1661;931;113;1000;887;995
2071;932;122;1000;878;1000
77;933;113;1000;887;1000
1020;934;104;1000;896;1000
1746;935;113;1000;887;1000
1306;936;122;999;878;998
3988;937;113;1000;887;1000
2964;938;121;1000;879;1000
1897;939;112;1000;888;1000
3996;940;120;1000;880;991
1603;941;111;1000;889;1000
1563;942;117;1000;883;1000
1280;943;125;1000;875;1000
783;944;116;1000;884;1000
1010;945;125;1000;875;998
40;946;116;1000;884;1000
270;947;124;1000;876;1000
3561;948;115;1000;885;1000
3373;949;123;1000;877;1000
957;950;114;1000;886;1000
1414;951;123;1000;877;1000
3751;952;114;1000;886;1000
2142;953;122;1000;878;1000
1436;954;113;1000;887;1000
3921;955;121;1000;879;993
3052;956;130;1000;870;988
502;957;121;1000;879;997
2783;958;112;1000;888;1000
3751;959;121;1000;879;1000
3385;960;112;1000;888;1000
3436;961;121;1000;879;1000
1778;962;112;1000;888;1000
3062;963;120;1000;880;1000
2593;964;111;1000;889;1000
1173;965;120;1000;880;999
3561;966;129;1000;871;997
83;967;120;1000;880;1000
2762;968;129;1000;871;1000
3749;969;120;1000;880;1000
925;970;111;1000;889;1000
3867;971;120;1000;880;1000
3740;972;111;1000;889;1000
2845;973;119;1000;881;1000
1034;974;110;1000;890;1000
3289;975;118;1000;882;999
3789;976;127;1000;873;1000
3580;977;118;1000;882;1000
1541;978;109;1000;891;1000
1016;979;118;1000;882;1000
1502;980;109;1000;891;1000
3021;981;116;1000;884;1000
3980;982;125;1000;875;1000
2648;983;116;1000;884;1000
2586;984;125;1000;875;995
2440;985;116;1000;884;1000
2769;986;124;1000;876;1000
709;987;115;1000;885;1000
1709;988;124;1000;876;1000
967;989;115;1000;885;1000
3393;990;123;1000;877;1000
1815;991;114;1000;886;1000
522;992;123;1000;877;1000
3372;993;114;1000;886;1000
2975;994;121;1000;879;1000
3040;995;129;1000;871;1000
1045;996;120;1000;880;1000
3992;997;111;1000;889;1000
574;998;102;1000;898;1000
2826;999;111;1000;889;997